7,-0.322;-0.963;0.441_0.479;-0.385;0.105,-0.246;0.784,0;0,0
23,0.238;-0.792;-0.345_-0.422;0.871;-0.3,-0.503;-0.383,0;0,0
1,-0.412;-0.091;0.953_0.545;0.048;-0.572,-0.511;-0.952,0;0,0
4,0.803;-0.943;-0.096_0.416;-0.309;-0.345,0.898;-0.525,0;0,0
7,-0.515;-0.69;0.914_0.239;-0.605;-0.386,0.176;-0.082,0;0,0
5,-0.42;-0.424;0.258_0.165;0.722;-0.993,0.232;0.692,0;0,0
3,-0.38;-0.798;0.26_0.864;-0.126;0.422,-0.061;-0.299,0;0,0
7,-0.066;0.068;-0.386_-0.526;0.585;0.791,-0.176;-0.496,0;0,0
7,0.99;0.912;-0.957_0.134;-0.614;-0.226,-0.147;0.922,0;0,0
10,-0.325;0.452;-0.079_0.01;-0.514;0.995,-0.131;0.973,0;0,0
13,-0.287;0.769;-0.898_0.333;0.378;-0.073,-0.43;0.345,0;0,0
45,-0.838;0.582;0.868_-0.849;0.898;-0.008,-0.843;-0.071,0;0,0
6,-0.816;-0.317;0.224_-0.526;-0.405;0.056,-0.299;0.381,0;0,0
3,-0.297;0.648;-0.951_0.298;0.404;0.346,-0.248;-0.048,0;0,0
1,-0.882;-0.231;0.627_0.913;-0.583;0.115,-0.091;0.808,0;0,0
1,-0.891;-0.842;-0.679_-0.217;-0.24;-0.995,-0.55;0.571,0;0,0
23,0.315;-0.837;0.141_-0.186;0.369;-0.078,0.414;-0.924,0;0,0
6,0.195;0.504;-0.468_-0.257;-0.946;0.941,-0.448;-0.084,0;0,0
2,-0.807;0.131;0.122_-0.914;-0.139;0.335,0.814;0.594,0;0,0
2,0.816;-0.387;0.12_0.11;-0.863;0.952,-0.054;0.769,0;0,0
3,0.455;-0.212;0.812_0.548;0.533;0.508,0.092;0.172,0;0,0
25,-0.985;0.702;0.153_-0.321;-0.242;-0.76,-0.954;0.532,0;0,0
93,0.315;0.78;-0.153_-0.053;0.826;0.128,0.741;-0.863,0;0,0
25,-0.351;-0.532;0.355_-0.605;0.447;0.033,-0.01;-0.566,0;0,0
1,-0.618;-0.41;-0.028_-0.405;-0.186;0.745,-0.982;0.619,0;0,0
10,-0.031;-0.302;-0.477_-0.437;0.437;0.728,0.816;0.812,0;0,0
7,0.021;-0.275;-0.938_-0.847;0.059;-0.446,-0.587;-0.814,0;0,0
5,-0.923;0.466;0.902_0.382;0.168;0.719,0.289;0.702,0;0,0
6,-0.515;0.402;0.053_0.602;0.249;-0.031,-0.841;0.384,0;0,0
4,0.044;-0.129;0.566_-0.423;0.403;0.922,-0.792;-0.696,0;0,0
2,-0.373;0.223;-0.655_-0.244;0.803;-0.585,-0.992;0.104,0;0,0
5,0.97;-0.551;-0.982_-0.7;-0.307;0.305,0.47;-0.756,0;0,0
10,0.269;0.644;-0.166_0.57;0.913;-0.032_-0.94;0.943;-0.571:-0.786;-0.414;-0.828_-0.58;0.28;-0.012_-0.982;0.198;-0.292,-0.091;-0.396;0.408,0;0;0_0;0;0,0
1,0.746;-0.111;0.714_0.844;-0.221;-0.57_0.119;-0.315;0.747:0.211;-0.07;0.591_-0.984;0.652;-0.747_0.892;0.321;0.408,0.169;0.681;-0.362,0;0;0_0;0;0,0
1,0.877;0.509;0.577_0.506;-0.315;-0.589_0.064;0.46;-0.424:0.999;-0.746;-0.682_0.338;-0.4;0.037_-0.298;0.442;-0.377,-0.105;0.388;-0.893,0;0;0_0;0;0,0
3,-0.145;0.616;-0.94_-0.028;0.201;0.341_0.67;0.384;0.272:0.272;-0.773;0.457_-0.735;-0.959;-0.216_0.011;-0.365;-0.506,-0.663;0.545;-0.414,0;0;0_0;0;0,0
28,0.737;-0.83;-0.646_0.749;0.656;-0.757_0.894;-0.143;0.9:0.085;-0.773;0.158_-0.75;0.153;-0.759_-0.102;-0.498;-0.207,-0.93;-0.268;-0.591,0;0;0_0;0;0,0
2,-0.741;-0.157;-0.23_0.837;0.345;0.094_0.29;-0.42;0.159:-0.632;0.791;-0.717_-0.325;-0.087;0.078_-0.714;0.995;0.903,0.931;-0.997;-0.172,0;0;0_0;0;0,0
92,0.562;-0.366;-0.912_-0.691;-0.758;0.366_-0.655;0.31;0.548:-0.405;-0.575;0.478_0.171;0.244;0.575_-0.645;-0.249;0.194,-0.296;0.085;-0.449,0;0;0_0;0;0,0
2,0.013;0.233;-0.389_0.692;0.625;-0.33_0.274;0.395;-0.908:0.101;0.733;0.305_-0.243;-0.714;-0.237_0.9;-0.735;-0.06,0.514;-0.076;0.759,0;0;0_0;0;0,0
3,0.515;0.994;0.464_-0.487;-0.483;-0.448_0.569;0.958;0.366:-0.591;-0.507;0.049_0.667;0.796;-0.912_-0.054;-0.25;-0.061,-0.298;0.275;0.893,0;0;0_0;0;0,0
8,-0.518;-0.683;-0.282_0.769;0.201;-0.631_-0.813;0.941;-0.086:-0.671;-0.097;-0.438_0.224;-0.847;-0.732_-0.007;0.973;-0.068,0.351;-0.962;0.185,0;0;0_0;0;0,0
1,-0.591;0.305;-0.919_0.296;-0.277;-0.98_0.98;0.705;0.497:0.387;-0.654;0.85_-0.394;0.27;-0.951_-0.628;-0.258;-0.765,0.213;0.896;0.098,0;0;0_0;0;0,0
3,-0.453;-0.72;-0.227_0.322;-0.388;-0.969_-0.122;0.967;-0.362:-0.165;0.325;0.67_0.163;0.288;-0.077_-0.381;-0.867;0.571,-0.622;0.634;0.161,0;0;0_0;0;0,0
2,0.091;-0.953;0.317_0.645;0.996;-0.588_-0.295;0.442;-0.496:-0.633;0.12;-0.589_-0.665;-0.725;0.35_-0.73;-0.149;0.712,-0.893;0.552;-0.084,0;0;0_0;0;0,0
4,0.596;0.95;0.698_0.516;-0.927;-0.492_-0.12;-0.293;-0.616:-0.734;0.084;0.741_-0.484;0.311;0.258_0.257;0.353;-0.62,-0.22;0.098;0.856,0;0;0_0;0;0,0
9,-0.91;0.536;0.54_0.075;0.779;0.357_-0.092;0.124;0.98:-0.305;0.584;-0.33_0.473;0.246;0.51_0.969;0.661;-0.144,-0.943;0.924;-0.52,0;0;0_0;0;0,0
3,-0.291;0.815;0.147_-0.635;-0.919;0.133_0.929;-0.431;-0.491:-0.987;0.743;0.609_0.071;-0.594;-0.573_-0.331;0.317;-0.139,-0.438;0.672;0.744,0;0;0_0;0;0,0
7,-0.011;-0.111;-0.743_-0.693;-0.27;0.037_-0.711;-0.334;0.636:0.551;0.662;-0.732_-0.459;-0.132;0.981_-0.33;0.679;0.688,0.414;-0.73;-0.637,0;0;0_0;0;0,0
10,-0.185;-0.134;0.289_0.18;-0.039;0.194_0.018;0.999;0.968:-0.591;0.505;-0.199_-0.895;-0.995;0.041_-0.596;0.072;0.96,-0.492;-0.21;0.381,0;0;0_0;0;0,0
13,-0.828;-0.696;0.677_0.347;0.643;-0.966_-0.262;0.45;-0.763:-0.186;-0.331;0.98_-0.028;-0.636;-0.397_0.192;-0.635;0.244,0.283;0.466;0.966,0;0;0_0;0;0,0
52,-0.858;1.0;-0.203_-0.871;0.642;0.919_-0.411;-0.319;0.656:0.363;-0.072;-0.599_0.105;0.182;-0.387_-0.752;-0.939;-0.584,0.384;-0.65;0.411,0;0;0_0;0;0,0
1,0.55;0.75;-0.987_0.009;-0.936;-0.325_-0.287;-0.954;-0.542:0.021;-0.876;0.629_-0.54;-0.188;-0.43_0.032;-0.066;-0.874,0.065;0.929;0.107,0;0;0_0;0;0,0
2,-0.875;0.451;0.189_0.541;-0.884;-0.286_-0.795;0.421;-0.227:0.527;0.902;0.613_0.51;0.491;-0.049_-0.231;-0.76;0.744,0.86;-0.456;-0.135,0;0;0_0;0;0,0
4,-0.955;-0.924;-0.981_0.263;-0.494;0.659_-0.842;-0.38;0.556:-0.283;0.376;-0.796_0.875;0.921;-0.925_-0.58;0.133;-0.826,0.789;-0.547;-0.3,0;0;0_0;0;0,0
1,-0.719;-0.942;-0.379_-0.293;-0.183;-0.58_-0.258;0.979;-0.904:0.349;-0.468;0.934_0.313;-0.797;0.827_-0.841;-0.866;-0.423,0.514;-0.502;0.471,0;0;0_0;0;0,0
2,-0.554;-0.128;-0.069_0.537;-0.283;0.369_-0.843;-0.789;0.428:0.957;0.825;-0.644_-0.185;-0.964;-0.303_0.483;-0.76;-0.151,0.731;0.818;0.565,0;0;0_0;0;0,0
11,0.875;0.55;-0.162_-0.23;-0.678;-0.506_0.025;0.246;0.629:0.606;0.705;-0.099_0.58;0.588;-0.663_-0.541;0.203;-0.077,0.254;0.479;0.569,0;0;0_0;0;0,0
6,-0.111;0.811;-0.653_-0.268;-0.404;-0.421_0.741;0.532;-0.531:0.528;0.13;0.51_-0.387;-0.777;-0.742_0.674;0.02;-0.568,0.676;0.243;-0.803,0;0;0_0;0;0,0
8,0.771;-0.927;0.307_-0.064;0.024;-0.373_-0.251;0.925;0.983:0.641;0.878;-0.635_0.943;-0.466;-0.908_-0.925;-0.702;0.848,-0.923;-0.152;-0.418,0;0;0_0;0;0,0
6,0.155;-0.329;-0.576_0.265;-0.653;0.403_-0.866;0.692;0.224:0.052;-0.445;-0.523_-0.876;-0.156;0.885_0.154;-0.074;0.361,-0.767;-0.097;-0.254,0;0;0_0;0;0,0
15,0.115;-0.933;0.138_-0.511;0.323;0.32_0.824;-0.546;0.111:0.662;-0.703;0.097_0.956;0.508;-0.162_0.844;0.395;0.971,-0.177;0.723;0.028,0;0;0_0;0;0,0
2,-0.689;-0.273;0.546_0.311;0.708;-0.183_0.424;0.252;0.228:-0.892;0.117;-0.415_0.903;0.077;0.574_-0.169;0.774;0.776,-0.254;0.131;-0.562,0;0;0_0;0;0,0
4,0.903;-0.13;-0.632_0.643;-0.893;0.842_-0.105;-0.513;-0.558:-0.622;-0.239;0.236_0.469;-0.242;-0.744_0.819;-0.693;0.279,-0.273;-0.925;-0.337,0;0;0_0;0;0,0
12,0.701;-0.27;0.977_0.01;0.604;0.62_-0.281;0.123;0.788:-0.324;0.226;-0.529_-0.889;0.684;-0.421_-0.575;-0.097;0.857,0.336;0.457;0.316,0;0;0_0;0;0,0
3,-0.547;-0.289;0.996_0.591;-0.392;-0.311_0.776;0.536;-0.332:-0.022;0.396;0.768_-0.216;-0.371;-0.905_-0.076;0.548;0.956,0.803;-0.417;0.744,0;0;0_0;0;0,0
7,0.458;0.837;0.878_0.004;-0.757;0.524_0.491;0.235;-0.459:0.235;-0.993;0.591_0.113;0.517;0.448_0.072;-0.567;-0.482,0.772;-0.413;0.161,0;0;0_0;0;0,0
5,0.485;0.565;0.539_0.143;0.929;-0.222_0.856;-0.152;-0.741:-0.936;-0.34;-0.971_0.867;0.157;0.775_0.044;0.02;0.536,-0.85;-0.381;0.157,0;0;0_0;0;0,0
9,0.96;-0.849;-0.493_0.498;0.127;0.77_0.545;0.073;0.007:0.132;-0.143;0.921_0.711;-0.169;0.838_-0.265;-0.258;0.826,0.644;0.327;-0.281,0;0;0_0;0;0,0
7,-0.787;-0.677;0.947_0.153;-0.554;0.058_0.952;-0.784;-0.448:0.074;-0.247;0.087_0.53;-0.066;-0.575_0.404;-0.571;0.601,-0.386;0.979;0.698,0;0;0_0;0;0,0
18,-0.003;-0.958;-0.336_-0.359;-0.696;0.829_0.774;0.187;-0.958:0.592;0.73;0.45_-0.571;0.715;0.252_0.609;-0.332;-0.763,0.564;-0.759;-0.911,0;0;0_0;0;0,0
1,-0.308;-0.355;0.903_-0.617;0.158;0.546_0.468;0.593;0.069:0.42;-0.498;0.563_0.371;0.019;0.133_-0.388;-0.893;0.884,0.994;-0.504;0.558,0;0;0_0;0;0,0
17,-0.368;-0.093;-0.75_0.686;-0.815;-0.302_0.439;0.561;-0.582:0.497;-0.722;0.491_-0.31;0.535;-0.622_0.328;0.207;-0.783,0.559;-0.976;-0.289,0;0;0_0;0;0,0
12,0.901;0.483;0.026_-0.763;-0.898;0.617_0.13;-0.712;0.946:0.55;-0.801;-0.088_0.395;0.694;0.657_0.207;0.613;-0.932,0.985;-0.686;-0.927,0;0;0_0;0;0,0
18,0.763;-0.906;0.823_-0.967;0.529;0.39_-0.126;0.943;-0.812:0.512;0.034;-0.979_0.278;0.212;0.964_-0.271;-0.123;-0.809,0.931;-0.694;-0.202,0;0;0_0;0;0,0
4,-0.201;-0.692;-0.066_-0.032;-0.112;-0.987_-0.867;-0.814;0.993:0.58;0.003;0.404_0.901;-0.189;-0.922_0.397;-0.842;-0.968,0.548;0.021;-0.204,0;0;0_0;0;0,0
2,-0.63;-0.923;0.188_-0.211;-0.995;0.51_-0.438;-0.267;0.889:-0.338;0.257;0.829_0.028;0.997;0.651_-0.18;-0.384;-0.996,0.211;-0.129;0.761,0;0;0_0;0;0,0
10,0.095;0.643;-0.939_0.225;-0.725;-0.298_0.115;0.285;0.755:-0.875;0.987;0.507_0.519;0.473;0.309_0.871;-0.235;0.587,-0.338;0.408;0.756,0;0;0_0;0;0,0
1,-0.307;-0.509;-0.444_0.929;-0.091;0.943_-0.498;0.077;-0.518:0.37;0.294;0.105_0.483;0.27;-0.125_0.28;-0.237;0.332,0.517;0.259;0.412,0;0;0_0;0;0,0
5,-0.325;0.829;0.376_0.224;-0.945;-0.62_0.329;-0.092;0.174:-0.976;-0.556;0.262_0.579;-0.188;-0.152_0.441;-0.603;-0.481,-0.846;0.059;0.283,0;0;0_0;0;0,0
36,-0.179;-0.458;-0.089_-0.797;0.836;0.309_-0.95;0.258;-0.019:-0.699;0.861;-0.002_0.403;-0.176;0.358_0.522;-0.201;-0.361,-0.856;-0.684;-0.42,0;0;0_0;0;0,0
5,0.458;0.968;-0.212_-0.81;-0.154;-0.778_-0.279;-0.34;-0.502:0.805;0.182;-0.276_0.235;-0.264;0.8_0.436;-0.512;0.329,-0.136;-0.545;-0.21,0;0;0_0;0;0,0
6,0.883;-0.571;-0.035_0.226;-0.563;-0.978_-0.789;0.228;0.947:-0.055;0.478;0.817_-0.075;0.785;-0.564_0.275;-0.607;-0.333,-0.34;-0.674;-0.146,0;0;0_0;0;0,0
13,-0.606;0.929;-0.443_0.62;-0.914;-0.119_0.369;0.269;0.116:-0.947;-0.379;0.192_0.153;0.252;-0.087_0.179;-0.443;-0.087,0.697;0.482;0.829,0;0;0_0;0;0,0
5,0.315;0.78;-0.153_-0.053;0.826;0.128,0.741;-0.863,0.0;0.0,0.0
30,0.315;0.78;-0.153_-0.053;0.826;0.128,0.741;-0.863,0.0;0.0,0.0
40,0.315;0.78;-0.153_-0.053;0.826;0.128,0.741;-0.863,0.0;0.0,0.0
27,0.315;0.78;-0.153_-0.053;0.826;0.128,0.741;-0.863,0.0;0.0,0.0
23,0.315;0.78;-0.153_-0.053;0.826;0.128,0.741;-0.863,0.0;0.0,0.0
