5,0.138;-0.766;0.299_0.485;0.332;0.619,-0.64;0.451,0;0,0
6,-0.887;0.724;0.983_-0.173;-0.918;-0.968,0.56;-0.552,0;0,0
5,0.677;-0.926;-0.714_0.072;0.51;-0.062,-0.424;-0.798,0;0,0
6,0.61;0.168;0.878_0.907;0.602;-0.69,0.921;0.763,0;0,0
3,-0.844;-0.434;0.901_0.977;0.755;-0.607,0.602;0.437,0;0,0
3,0.976;-0.845;0.608_0.848;-0.167;-0.419,0.445;0.39,0;0,0
5,-0.409;0.025;0.981_-0.014;-0.202;0.644,-0.479;-0.523,0;0,0
3,0.347;0.169;-0.812_0.376;0.124;-0.576,-0.201;0.032,0;0,0
6,-0.084;-0.541;-0.531_0.362;0.897;-0.57,0.074;-0.744,0;0,0
4,-0.794;-0.557;-0.025_-0.739;-0.07;0.224,0.824;-0.032,0;0,0
8,0.09;0.212;0.482_-0.068;0.337;0.882,-0.827;-0.837,0;0,0
1,-0.468;0.433;0.677_0.261;0.711;-0.668,-0.228;-0.739,0;0,0
11,-0.597;0.223;-0.355_0.217;0.267;-0.677,0.753;-0.687,0;0,0
9,0.876;0.026;-0.448_-0.548;0.851;0.98,-0.382;0.195,0;0,0
2,-0.662;0.054;-0.812_-0.394;0.537;0.193,0.088;0.696,0;0,0
4,-0.137;0.716;-0.014_0.273;-0.461;0.022,0.65;0.025,0;0,0
11,-0.634;0.852;-0.75_-0.872;0.741;0.508,0.176;-0.144,0;0,0
7,0.132;-0.228;-0.153_-0.45;0.769;-0.574,0.578;0.906,0;0,0
2,-0.602;0.832;0.466_0.278;-0.974;0.658,0.967;-0.351,0;0,0
2,0.794;0.239;-0.529_-0.063;0.158;-0.3,0.267;0.106,0;0,0
7,-0.258;0.559;-0.72_-0.196;-0.89;0.67,0.11;-0.819,0;0,0
5,-0.084;-0.738;0.224_-0.412;0.781;0.396,-0.208;0.652,0;0,0
20,0.51;-0.668;-0.787_-0.739;0.424;-0.722,-0.731;0.595,0;0,0
5,-0.134;0.06;-0.009_-0.01;0.751;-0.605,0.72;-0.778,0;0,0
1,-0.392;-0.513;0.312_0.646;0.253;-0.774,-0.37;-0.603,0;0,0
5,0.653;0.339;-0.848_0.61;0.429;-0.424,-0.422;-0.514,0;0,0
3,-0.971;-0.058;0.14_0.702;0.04;0.564,-0.947;-0.832,0;0,0
5,-0.177;0.704;-0.217_0.594;0.006;0.808,-0.11;0.299,0;0,0
7,-0.829;0.205;-0.7_0.212;0.18;0.093,-0.404;-0.538,0;0,0
3,-0.933;-0.233;-0.167_-0.841;-0.791;-0.115,-0.094;0.789,0;0,0
11,-0.983;0.222;0.133_0.091;0.435;0.69,0.007;0.299,0;0,0
2,0.06;-0.831;-0.817_-0.205;-0.236;-0.88,-0.923;-0.559,0;0,0
7,0.09;0.238;0.593_0.578;-0.621;0.806,-0.989;-0.018,0;0,0
1,0.136;0.417;-0.492_0.368;-0.379;-0.708,0.17;-0.337,0;0,0
1,-0.733;-0.142;-0.847_0.078;0.068;0.154,-0.159;0.653,0;0,0
8,0.881;-0.165;0.443_0.02;0.985;0.773,-0.23;-0.733,0;0,0
2,-0.598;-0.699;-0.084_-0.212;0.991;0.848,0.821;-0.57,0;0,0
7,0.898;0.229;-0.237_0.053;0.348;0.975,0.862;-0.049,0;0,0
1,-0.124;-0.509;0.153_-0.582;0.226;0.106,0.804;0.709,0;0,0
9,-0.547;-0.345;0.51_0.674;-0.118;0.593,0.299;-0.931,0;0,0
2,-0.765;0.817;-0.443_-0.571;-0.423;0.222,0.559;0.031,0;0,0
2,0.058;0.131;0.23_-0.983;-0.898;-0.316,0.962;0.817,0;0,0
6,0.078;-0.212;0.177_-0.816;0.637;0.598,0.633;0.257,0;0,0
6,0.491;0.401;-0.06_-0.69;-0.54;-0.097,-0.176;0.552,0;0,0
6,0.874;0.827;0.556_-0.341;-0.809;0.119,0.079;-0.186,0;0,0
4,0.567;0.871;-0.128_-0.271;0.363;-0.005,-0.527;0.297,0;0,0
1,0.533;-0.599;-0.361_-0.534;-0.626;-0.929,0.711;0.835,0;0,0
5,0.039;0.775;0.34_0.463;-0.285;-0.968,-0.679;0.207,0;0,0
1,0.965;-0.817;0.907_-0.325;0.225;-0.772,0.192;0.1,0;0,0
8,-0.623;-0.953;0.758_-0.169;-0.295;-0.966,0.383;-0.025,0;0,0
14,-0.059;-0.122;-0.698_0.251;-0.281;0.348,0.085;-0.62,0;0,0
2,-0.397;0.282;0.482_0.599;0.988;-0.603,-0.237;0.148,0;0,0
10,-0.614;0.222;-0.698_0.039;0.793;0.481,0.541;0.754,0;0,0
2,0.986;-0.477;-0.722_-0.855;-0.124;-0.42,-0.277;0.8,0;0,0
11,-0.313;0.072;0.761_0.436;-0.263;-0.715,-0.718;-0.764,0;0,0
11,-0.386;-0.124;-0.872_-0.38;0.378;0.113,0.415;-0.836,0;0,0
3,0.479;0.019;0.142_0.584;-0.916;-0.71,-0.711;-0.606,0;0,0
11,0.179;0.664;-0.168_-0.846;0.291;-0.06,-0.077;-0.657,0;0,0
6,-0.009;0.278;0.339_0.322;-0.173;0.866,-0.204;0.061,0;0,0
1,-0.686;-0.179;-0.852_0.844;0.411;0.897,0.096;-0.753,0;0,0
67,-0.761;-0.63;0.23_-0.53;0.106;0.371,-0.753;-0.445,0;0,0
7,-0.169;0.586;-0.121_0.368;0.748;0.301,0.462;-0.523,0;0,0
9,-0.999;0.524;-0.619_-0.512;-0.243;0.687,0.927;0.235,0;0,0
70,-0.5;-0.04;0.498_-0.202;-0.951;0.279,-0.035;-0.476,0;0,0
4,0.966;0.416;-0.257_-0.185;-0.795;-0.68,0.143;-0.853,0;0,0
6,0.865;-0.231;0.498_0.967;0.086;-0.936,-0.721;0.833,0;0,0
2,-0.515;-0.404;-0.479_-0.658;0.61;-0.721,0.119;-0.925,0;0,0
6,0.148;0.73;-0.035_-0.972;0.564;-0.641,0.531;0.788,0;0,0
5,-0.5;-0.04;0.498_-0.202;-0.951;0.279,-0.035;-0.476,0.0;0.0,0.0
1,-0.5;-0.04;0.498_-0.202;-0.951;0.279,-0.035;-0.476,0.0;0.0,0.0
16,-0.679;-0.253;0.125_-0.397;0.689;0.749_-0.291;0.65;0.371:0.653;-0.558;0.07_-0.717;-0.259;0.185_0.674;0.829;-0.317,0.615;0.642;0.594,0;0;0_0;0;0,0
8,0.601;-0.096;0.535_0.21;0.546;-0.707_0.051;0.164;0.652:-0.759;0.436;-0.45_0.406;0.328;0.961_-0.918;0.287;0.215,0.054;-0.533;-0.185,0;0;0_0;0;0,0
1,-0.792;-0.205;0.418_0.004;0.5;-0.725_-0.2;0.021;0.057:0.963;0.637;0.938_0.545;-0.761;0.792_0.452;0.897;0.962,-0.401;-0.864;-0.804,0;0;0_0;0;0,0
1,-0.388;-0.885;-0.655_-0.132;-0.065;-0.624_0.633;0.111;0.713:0.83;0.362;0.095_0.468;-0.743;0.188_-0.994;0.685;0.349,0.025;0.279;-0.629,0;0;0_0;0;0,0
4,0.017;0.368;-0.282_0.454;0.471;0.733_-0.05;-0.88;0.547:0.806;-0.861;0.05_0.981;0.156;-0.943_0.576;-0.673;0.633,-0.421;0.998;-0.14,0;0;0_0;0;0,0
10,-0.824;0.358;-0.555_0.186;0.251;0.433_0.963;0.439;-0.219:-0.096;0.975;-0.77_0.865;-0.395;-0.716_-0.817;-0.429;-0.468,0.634;0.28;-0.754,0;0;0_0;0;0,0
8,-0.462;-0.98;0.373_-0.779;-0.321;0.51_0.041;0.881;-0.222:-0.779;0.176;0.995_-0.05;0.115;-0.869_-0.974;0.474;0.525,0.51;0.239;0.922,0;0;0_0;0;0,0
4,-0.306;0.638;0.761_-0.469;-0.379;0.278_-0.427;-0.793;-0.021:-0.174;-0.042;-0.744_-0.356;0.733;0.968_0.115;0.21;-0.296,0.958;0.763;-0.681,0;0;0_0;0;0,0
7,0.59;-0.371;0.992_-0.444;-0.468;0.997_-0.79;0.243;-0.564:0.33;-0.032;-0.433_0.98;-0.022;-0.523_-0.703;-0.211;-0.022,-0.83;-0.613;0.069,0;0;0_0;0;0,0
2,-0.213;0.5;0.205_-0.359;-0.04;0.069_-0.115;0.776;-0.589:-0.959;0.754;0.811_-0.951;0.14;0.397_0.294;-0.809;0.187,0.86;0.59;-0.103,0;0;0_0;0;0,0
9,0.721;-0.575;-0.021_0.524;-0.189;-0.619_0.917;0.373;0.027:-0.712;-0.634;-0.523_-0.745;0.53;-0.997_0.073;-0.348;0.912,0.492;0.007;0.324,0;0;0_0;0;0,0
1,-0.048;-0.659;0.241_-0.667;0.156;-0.564_0.415;-0.374;0.777:-0.061;0.75;0.73_0.038;-0.324;-0.088_0.741;0.171;0.779,0.012;-0.056;-0.005,0;0;0_0;0;0,0
2,-0.853;0.664;-0.915_0.933;0.997;-0.316_-0.356;-0.019;-0.7:0.407;0.038;-0.901_0.35;0.462;-0.499_0.74;0.586;-0.411,-0.51;-0.033;-0.435,0;0;0_0;0;0,0
3,0.964;0.854;0.615_-0.921;0.363;-0.435_-0.21;-0.682;0.882:0.962;0.979;-0.088_0.088;-0.434;0.892_0.944;-0.921;0.065,0.062;-0.812;-0.22,0;0;0_0;0;0,0
12,0.831;-0.379;0.145_0.951;-0.275;0.768_0.669;0.023;-0.428:-0.962;0.04;-0.038_-0.34;-0.674;0.796_-0.551;-0.558;0.98,0.601;0.854;-0.173,0;0;0_0;0;0,0
1,0.421;0.306;-0.134_-0.895;0.016;0.744_-0.28;0.974;0.407:-0.829;0.093;0.509_-0.959;-0.077;-0.68_-0.506;0.098;0.97,0.188;0.097;0.329,0;0;0_0;0;0,0
1,-0.351;-0.333;0.149_-0.633;-0.888;-0.292_0.695;-0.861;-0.959:0.715;0.917;-0.032_0.223;0.726;-0.253_-0.679;-0.566;0.511,0.526;0.084;-0.755,0;0;0_0;0;0,0
7,0.415;0.397;-0.572_0.774;-0.4;0.286_-0.791;0.79;0.026:0.444;-0.638;0.796_0.21;0.597;-0.724_0.049;0.284;0.164,-0.144;-0.428;-0.335,0;0;0_0;0;0,0
11,0.929;-0.473;0.625_-0.634;0.732;-0.165_-0.92;0.329;-0.733:-0.232;0.012;0.855_-0.381;-0.413;0.83_0.012;0.893;0.961,-0.729;-0.712;0.655,0;0;0_0;0;0,0
4,0.584;0.696;0.437_0.343;-0.32;0.839_-0.348;-0.787;-0.756:0.945;0.067;0.793_-0.072;0.565;0.474_-0.054;-0.01;0.664,-0.251;0.94;-0.644,0;0;0_0;0;0,0
22,-0.438;-0.078;0.172_-0.523;0.072;0.142_0.03;0.594;0.515:0.92;0.618;-0.559_0.45;0.43;-0.004_-0.049;-0.764;-0.908,0.396;-0.27;-0.857,0;0;0_0;0;0,0
1,-0.691;0.515;-0.759_-0.109;0.789;-0.469_-0.776;-0.99;0.757:-0.634;-0.389;-0.319_0.612;-0.379;-0.832_-0.923;0.055;-0.352,-0.1;0.566;-0.184,0;0;0_0;0;0,0
5,0.608;-0.469;-0.994_0.291;0.814;-0.143_0.777;0.27;-0.604:0.601;-0.84;0.387_0.553;-0.711;-0.624_-0.845;0.104;0.405,-0.709;-0.565;0.427,0;0;0_0;0;0,0
3,-0.694;-0.585;0.893_0.13;-0.077;-0.555_-0.556;0.819;-0.163:0.269;0.667;-0.492_0.074;0.861;-0.478_0.73;-0.848;-0.534,0.652;0.457;0.981,0;0;0_0;0;0,0
1,-0.136;-0.433;-0.796_-0.234;0.185;0.157_0.694;0.596;0.788:0.021;0.98;0.735_-0.459;0.525;0.04_0.169;0.545;0.942,0.68;-0.871;-0.165,0;0;0_0;0;0,0
1,0.708;-0.746;-0.565_0.551;-0.162;-0.265_0.247;-0.947;0.223:0.196;-0.12;0.226_-0.062;0.172;-0.889_-0.181;0.775;0.828,-0.874;0.029;-0.017,0;0;0_0;0;0,0
8,-0.866;0.305;-0.919_0.178;0.122;-0.544_-0.222;0.348;-0.451:0.948;-0.123;-0.834_-0.557;0.269;0.608_0.071;-0.065;-0.189,0.421;-0.408;0.809,0;0;0_0;0;0,0
5,-0.24;-0.611;0.901_-0.864;-0.039;0.229_-0.241;0.53;0.708:-0.198;-0.277;0.261_-0.327;-0.097;0.869_-0.758;0.483;-0.282,0.53;0.638;-0.43,0;0;0_0;0;0,0
5,0.432;0.361;-0.327_0.454;0.786;-0.663_0.976;0.356;0.154:0.669;0.397;0.817_-0.031;-0.917;-0.184_0.462;0.579;0.733,-0.64;0.053;0.277,0;0;0_0;0;0,0
10,0.904;-0.352;0.312_-0.195;-0.609;0.4_0.016;-0.411;-0.451:-0.506;-0.902;-0.397_-0.082;0.942;0.357_0.248;-0.05;0.338,0.235;-0.915;-0.295,0;0;0_0;0;0,0
7,0.476;0.041;0.771_0.639;-0.131;0.927_-0.686;0.976;-0.616:0.133;0.241;0.443_0.543;0.11;-0.923_0.888;0.264;-0.989,-0.699;-0.779;-0.843,0;0;0_0;0;0,0
9,-0.144;0.172;-0.232_0.87;-0.061;0.355_0.328;-0.249;0.646:-0.302;-0.001;0.294_-0.45;-0.599;-0.202_0.029;0.231;-0.992,-0.537;0.228;-0.158,0;0;0_0;0;0,0
8,0.526;0.111;-0.953_-0.815;0.67;0.56_-0.67;0.072;0.892:-0.009;-0.255;-0.969_0.041;-0.367;0.238_0.248;-0.822;0.561,-0.8;-0.747;-0.156,0;0;0_0;0;0,0
1,-0.382;0.167;0.923_-0.268;0.898;0.652_0.033;-0.81;0.426:0.094;0.086;0.384_-0.243;0.819;0.794_0.801;0.219;-0.322,0.423;0.137;0.523,0;0;0_0;0;0,0
3,0.237;0.958;0.268_-0.506;0.088;0.162_0.572;0.325;-0.082:0.955;0.472;0.473_-0.027;0.302;0.844_0.273;0.396;0.027,0.009;-0.442;0.749,0;0;0_0;0;0,0
9,0.545;-0.944;-0.265_0.256;-0.529;-0.136_-0.421;0.317;0.371:0.952;0.867;0.692_-0.486;0.552;0.764_0.659;-0.569;-0.515,-0.684;-0.541;0.916,0;0;0_0;0;0,0
36,0.452;-0.28;0.103_-0.888;0.812;-0.45_-0.839;0.38;0.299:0.132;0.172;-0.618_0.097;0.29;0.821_0.291;0.468;0.443,0.561;-0.575;-0.045,0;0;0_0;0;0,0
4,0.104;0.425;-0.495_0.243;0.932;0.054_-0.407;0.961;-0.33:0.39;0.551;0.838_-0.522;-0.186;-0.94_0.604;0.44;-0.58,0.797;0.592;0.725,0;0;0_0;0;0,0
2,-0.02;-0.244;-0.009_0.549;0.474;-0.56_0.914;-0.431;0.257:-0.755;-0.954;-0.638_-0.362;-0.358;0.429_0.875;0.335;0.443,0.956;-0.67;0.847,0;0;0_0;0;0,0
1,0.898;0.033;-0.537_0.816;-0.352;-0.072_-0.335;-0.853;-0.23:-0.822;-0.832;0.454_0.015;-0.883;-0.029_0.378;0.123;0.244,0.618;0.213;-0.282,0;0;0_0;0;0,0
5,0.654;-0.799;-0.247_0.224;-0.45;-0.977_-0.671;0.857;0.409:-0.602;-0.396;-0.302_0.937;0.626;0.561_0.634;0.296;0.642,-0.237;-0.217;-0.078,0;0;0_0;0;0,0
10,0.633;0.027;-0.493_0.147;0.71;0.408_-0.672;0.608;-0.408:0.302;-0.658;0.1_0.731;0.582;-0.737_0.704;0.711;0.732,0.574;-0.481;0.347,0;0;0_0;0;0,0
2,-0.261;0.865;-0.467_-0.299;0.909;0.469_0.499;0.991;-0.175:-0.528;-0.704;0.159_-0.354;0.456;0.909_0.523;-0.051;0.15,0.999;-0.689;-0.502,0;0;0_0;0;0,0
6,-0.056;-0.099;0.931_-0.704;-0.366;-0.32_0.504;0.636;0.788:0.304;0.943;-0.997_0.289;0.338;0.255_0.813;0.104;-0.744,-0.977;-0.535;0.551,0;0;0_0;0;0,0
6,0.367;-0.914;-0.52_0.553;0.071;0.515_0.454;0.724;-0.666:0.976;0.371;-0.421_0.896;-0.245;-0.014_0.347;-0.448;-0.547,0.398;-0.241;0.365,0;0;0_0;0;0,0
7,-0.727;-0.287;-0.746_0.327;0.612;0.012_0.644;-0.099;0.237:0.525;0.467;-0.279_0.847;0.532;0.78_-0.228;-0.864;0.701,-0.225;-0.905;0.898,0;0;0_0;0;0,0
2,0.204;0.262;0.546_0.69;0.26;0.779_0.001;0.028;-0.203:-0.37;0.55;-0.562_-0.054;0.786;-0.59_-0.032;0.648;0.004,-0.126;0.29;0.862,0;0;0_0;0;0,0
8,-0.286;0.579;0.379_0.294;-0.32;0.0_-0.623;0.708;0.684:-0.703;0.695;0.646_-0.619;0.711;0.904_0.007;0.105;0.977,-0.299;-0.561;0.329,0;0;0_0;0;0,0
15,-0.826;-0.497;-0.856_-0.569;0.505;0.965_-0.544;0.695;-0.388:0.505;-0.933;0.446_-0.717;0.923;0.752_-0.789;-0.115;0.062,0.551;-0.017;-0.838,0;0;0_0;0;0,0
18,-0.5;-0.04;0.498_-0.202;-0.951;0.279,-0.035;-0.476,0.0;0.0,0.0
