31,-0.335;-0.778;0.698_0.24;0.661;-0.183,-0.435;0.926,0;0,-0.25
17,0.908;-0.038;-0.626_-0.302;-0.802;-0.503,0.273;-0.371,0;0,-0.25
19,0.59;0.769;0.588_0.214;-0.919;-0.864,-0.545;0.734,0;0,-0.25
31,0.755;-0.014;-0.062_0.9;0.961;-0.584,0.952;-0.458,0;0,-0.25
22,-0.036;-0.417;0.952_-0.492;0.166;0.866,0.77;-0.646,0;0,-0.25
20,0.81;-0.196;-0.341_-0.267;-0.932;-0.3,0.976;0.173,0;0,-0.25
theBest_P2,-0.705;0.857;-0.64_0.764;-0.885;-0.599,-0.032;0.566,0;0,-0.25
24,-0.346;-0.011;0.101_-0.116;0.323;-0.684,-0.203;0.039,0;0,-0.25
26,0.415;-0.499;-0.839_0.857;0.068;-0.597,0.863;0.76,0;0,-0.25
18,-0.705;0.857;-0.64_0.764;-0.885;-0.599,-0.032;0.566,0.0;0.0,-0.25
TheBest_p1,0.81;-0.196;-0.341_-0.267;-0.932;-0.3,0.976;0.173,0.0;0.0,-0.25
